%YAML:1.2
link2world_pose: !!opencv-matrix
  rows: 4
  cols: 4
  dt: d
  data: [0.9862942998562796, 0.02309171095685992, 0.16337174466870358, 0.015064938545227051, 
         0.09013911414705694, -0.9047486093793373, -0.4162990438698354, 0.013908649444580078, 
         0.13819730160822635, 0.42531955834553403, -0.8944298626035272, 0.40145513916015624, 
         0.0, 0.0, 0.0, 1.0]